0 	 1 
0 	 16 
1 	 0 
1 	 2 
1 	 17 
2 	 1 
2 	 3 
2 	 18 
3 	 2 
3 	 4 
3 	 19 
4 	 3 
4 	 5 
4 	 20 
5 	 4 
5 	 6 
5 	 21 
6 	 5 
6 	 7 
6 	 22 
7 	 6 
7 	 8 
7 	 23 
8 	 7 
8 	 9 
8 	 24 
9 	 8 
9 	 10 
9 	 25 
10 	 9 
10 	 11 
10 	 26 
11 	 10 
11 	 12 
11 	 27 
12 	 11 
12 	 13 
12 	 28 
13 	 12 
13 	 14 
13 	 29 
14 	 13 
14 	 15 
14 	 30 
15 	 14 
15 	 31 
16 	 17 
16 	 0 
16 	 32 
17 	 16 
17 	 18 
17 	 1 
17 	 33 
18 	 17 
18 	 19 
18 	 2 
18 	 34 
19 	 18 
19 	 20 
19 	 3 
19 	 35 
20 	 19 
20 	 21 
20 	 4 
20 	 36 
21 	 20 
21 	 22 
21 	 5 
21 	 37 
22 	 21 
22 	 23 
22 	 6 
22 	 38 
23 	 22 
23 	 24 
23 	 7 
23 	 39 
24 	 23 
24 	 25 
24 	 8 
24 	 40 
25 	 24 
25 	 26 
25 	 9 
25 	 41 
26 	 25 
26 	 27 
26 	 10 
26 	 42 
27 	 26 
27 	 28 
27 	 11 
27 	 43 
28 	 27 
28 	 29 
28 	 12 
28 	 44 
29 	 28 
29 	 30 
29 	 13 
29 	 45 
30 	 29 
30 	 31 
30 	 14 
30 	 46 
31 	 30 
31 	 15 
31 	 47 
32 	 33 
32 	 16 
32 	 48 
33 	 32 
33 	 34 
33 	 17 
33 	 49 
34 	 33 
34 	 35 
34 	 18 
34 	 50 
35 	 34 
35 	 36 
35 	 19 
35 	 51 
36 	 35 
36 	 37 
36 	 20 
36 	 52 
37 	 36 
37 	 38 
37 	 21 
37 	 53 
38 	 37 
38 	 39 
38 	 22 
38 	 54 
39 	 38 
39 	 40 
39 	 23 
39 	 55 
40 	 39 
40 	 41 
40 	 24 
40 	 56 
41 	 40 
41 	 42 
41 	 25 
41 	 57 
42 	 41 
42 	 43 
42 	 26 
42 	 58 
43 	 42 
43 	 44 
43 	 27 
43 	 59 
44 	 43 
44 	 45 
44 	 28 
44 	 60 
45 	 44 
45 	 46 
45 	 29 
45 	 61 
46 	 45 
46 	 47 
46 	 30 
46 	 62 
47 	 46 
47 	 31 
47 	 63 
48 	 49 
48 	 32 
48 	 64 
49 	 48 
49 	 50 
49 	 33 
49 	 65 
50 	 49 
50 	 51 
50 	 34 
50 	 66 
51 	 50 
51 	 52 
51 	 35 
51 	 67 
52 	 51 
52 	 53 
52 	 36 
52 	 68 
53 	 52 
53 	 54 
53 	 37 
53 	 69 
54 	 53 
54 	 55 
54 	 38 
54 	 70 
55 	 54 
55 	 56 
55 	 39 
55 	 71 
56 	 55 
56 	 57 
56 	 40 
56 	 72 
57 	 56 
57 	 58 
57 	 41 
57 	 73 
58 	 57 
58 	 59 
58 	 42 
58 	 74 
59 	 58 
59 	 60 
59 	 43 
59 	 75 
60 	 59 
60 	 61 
60 	 44 
60 	 76 
61 	 60 
61 	 62 
61 	 45 
61 	 77 
62 	 61 
62 	 63 
62 	 46 
62 	 78 
63 	 62 
63 	 47 
63 	 79 
64 	 65 
64 	 48 
64 	 80 
65 	 64 
65 	 66 
65 	 49 
65 	 81 
66 	 65 
66 	 67 
66 	 50 
66 	 82 
67 	 66 
67 	 68 
67 	 51 
67 	 83 
68 	 67 
68 	 69 
68 	 52 
68 	 84 
69 	 68 
69 	 70 
69 	 53 
69 	 85 
70 	 69 
70 	 71 
70 	 54 
70 	 86 
71 	 70 
71 	 72 
71 	 55 
71 	 87 
72 	 71 
72 	 73 
72 	 56 
72 	 88 
73 	 72 
73 	 74 
73 	 57 
73 	 89 
74 	 73 
74 	 75 
74 	 58 
74 	 90 
75 	 74 
75 	 76 
75 	 59 
75 	 91 
76 	 75 
76 	 77 
76 	 60 
76 	 92 
77 	 76 
77 	 78 
77 	 61 
77 	 93 
78 	 77 
78 	 79 
78 	 62 
78 	 94 
79 	 78 
79 	 63 
79 	 95 
80 	 81 
80 	 64 
80 	 96 
81 	 80 
81 	 82 
81 	 65 
81 	 97 
82 	 81 
82 	 83 
82 	 66 
82 	 98 
83 	 82 
83 	 84 
83 	 67 
83 	 99 
84 	 83 
84 	 85 
84 	 68 
84 	 100 
85 	 84 
85 	 86 
85 	 69 
85 	 101 
86 	 85 
86 	 87 
86 	 70 
86 	 102 
87 	 86 
87 	 88 
87 	 71 
87 	 103 
88 	 87 
88 	 89 
88 	 72 
88 	 104 
89 	 88 
89 	 90 
89 	 73 
89 	 105 
90 	 89 
90 	 91 
90 	 74 
90 	 106 
91 	 90 
91 	 92 
91 	 75 
91 	 107 
92 	 91 
92 	 93 
92 	 76 
92 	 108 
93 	 92 
93 	 94 
93 	 77 
93 	 109 
94 	 93 
94 	 95 
94 	 78 
94 	 110 
95 	 94 
95 	 79 
95 	 111 
96 	 97 
96 	 80 
96 	 112 
97 	 96 
97 	 98 
97 	 81 
97 	 113 
98 	 97 
98 	 99 
98 	 82 
98 	 114 
99 	 98 
99 	 100 
99 	 83 
99 	 115 
100 	 99 
100 	 101 
100 	 84 
100 	 116 
101 	 100 
101 	 102 
101 	 85 
101 	 117 
102 	 101 
102 	 103 
102 	 86 
102 	 118 
103 	 102 
103 	 104 
103 	 87 
103 	 119 
104 	 103 
104 	 105 
104 	 88 
104 	 120 
105 	 104 
105 	 106 
105 	 89 
105 	 121 
106 	 105 
106 	 107 
106 	 90 
106 	 122 
107 	 106 
107 	 108 
107 	 91 
107 	 123 
108 	 107 
108 	 109 
108 	 92 
108 	 124 
109 	 108 
109 	 110 
109 	 93 
109 	 125 
110 	 109 
110 	 111 
110 	 94 
110 	 126 
111 	 110 
111 	 95 
111 	 127 
112 	 113 
112 	 96 
112 	 128 
113 	 112 
113 	 114 
113 	 97 
113 	 129 
114 	 113 
114 	 115 
114 	 98 
114 	 130 
115 	 114 
115 	 116 
115 	 99 
115 	 131 
116 	 115 
116 	 117 
116 	 100 
116 	 132 
117 	 116 
117 	 118 
117 	 101 
117 	 133 
118 	 117 
118 	 119 
118 	 102 
118 	 134 
119 	 118 
119 	 120 
119 	 103 
119 	 135 
120 	 119 
120 	 121 
120 	 104 
120 	 136 
121 	 120 
121 	 122 
121 	 105 
121 	 137 
122 	 121 
122 	 123 
122 	 106 
122 	 138 
123 	 122 
123 	 124 
123 	 107 
123 	 139 
124 	 123 
124 	 125 
124 	 108 
124 	 140 
125 	 124 
125 	 126 
125 	 109 
125 	 141 
126 	 125 
126 	 127 
126 	 110 
126 	 142 
127 	 126 
127 	 111 
127 	 143 
128 	 129 
128 	 112 
128 	 144 
129 	 128 
129 	 130 
129 	 113 
129 	 145 
130 	 129 
130 	 131 
130 	 114 
130 	 146 
131 	 130 
131 	 132 
131 	 115 
131 	 147 
132 	 131 
132 	 133 
132 	 116 
132 	 148 
133 	 132 
133 	 134 
133 	 117 
133 	 149 
134 	 133 
134 	 135 
134 	 118 
134 	 150 
135 	 134 
135 	 136 
135 	 119 
135 	 151 
136 	 135 
136 	 137 
136 	 120 
136 	 152 
137 	 136 
137 	 138 
137 	 121 
137 	 153 
138 	 137 
138 	 139 
138 	 122 
138 	 154 
139 	 138 
139 	 140 
139 	 123 
139 	 155 
140 	 139 
140 	 141 
140 	 124 
140 	 156 
141 	 140 
141 	 142 
141 	 125 
141 	 157 
142 	 141 
142 	 143 
142 	 126 
142 	 158 
143 	 142 
143 	 127 
143 	 159 
144 	 145 
144 	 128 
144 	 160 
145 	 144 
145 	 146 
145 	 129 
145 	 161 
146 	 145 
146 	 147 
146 	 130 
146 	 162 
147 	 146 
147 	 148 
147 	 131 
147 	 163 
148 	 147 
148 	 149 
148 	 132 
148 	 164 
149 	 148 
149 	 150 
149 	 133 
149 	 165 
150 	 149 
150 	 151 
150 	 134 
150 	 166 
151 	 150 
151 	 152 
151 	 135 
151 	 167 
152 	 151 
152 	 153 
152 	 136 
152 	 168 
153 	 152 
153 	 154 
153 	 137 
153 	 169 
154 	 153 
154 	 155 
154 	 138 
154 	 170 
155 	 154 
155 	 156 
155 	 139 
155 	 171 
156 	 155 
156 	 157 
156 	 140 
156 	 172 
157 	 156 
157 	 158 
157 	 141 
157 	 173 
158 	 157 
158 	 159 
158 	 142 
158 	 174 
159 	 158 
159 	 143 
159 	 175 
160 	 161 
160 	 144 
160 	 176 
161 	 160 
161 	 162 
161 	 145 
161 	 177 
162 	 161 
162 	 163 
162 	 146 
162 	 178 
163 	 162 
163 	 164 
163 	 147 
163 	 179 
164 	 163 
164 	 165 
164 	 148 
164 	 180 
165 	 164 
165 	 166 
165 	 149 
165 	 181 
166 	 165 
166 	 167 
166 	 150 
166 	 182 
167 	 166 
167 	 168 
167 	 151 
167 	 183 
168 	 167 
168 	 169 
168 	 152 
168 	 184 
169 	 168 
169 	 170 
169 	 153 
169 	 185 
170 	 169 
170 	 171 
170 	 154 
170 	 186 
171 	 170 
171 	 172 
171 	 155 
171 	 187 
172 	 171 
172 	 173 
172 	 156 
172 	 188 
173 	 172 
173 	 174 
173 	 157 
173 	 189 
174 	 173 
174 	 175 
174 	 158 
174 	 190 
175 	 174 
175 	 159 
175 	 191 
176 	 177 
176 	 160 
176 	 192 
177 	 176 
177 	 178 
177 	 161 
177 	 193 
178 	 177 
178 	 179 
178 	 162 
178 	 194 
179 	 178 
179 	 180 
179 	 163 
179 	 195 
180 	 179 
180 	 181 
180 	 164 
180 	 196 
181 	 180 
181 	 182 
181 	 165 
181 	 197 
182 	 181 
182 	 183 
182 	 166 
182 	 198 
183 	 182 
183 	 184 
183 	 167 
183 	 199 
184 	 183 
184 	 185 
184 	 168 
184 	 200 
185 	 184 
185 	 186 
185 	 169 
185 	 201 
186 	 185 
186 	 187 
186 	 170 
186 	 202 
187 	 186 
187 	 188 
187 	 171 
187 	 203 
188 	 187 
188 	 189 
188 	 172 
188 	 204 
189 	 188 
189 	 190 
189 	 173 
189 	 205 
190 	 189 
190 	 191 
190 	 174 
190 	 206 
191 	 190 
191 	 175 
191 	 207 
192 	 193 
192 	 176 
192 	 208 
193 	 192 
193 	 194 
193 	 177 
193 	 209 
194 	 193 
194 	 195 
194 	 178 
194 	 210 
195 	 194 
195 	 196 
195 	 179 
195 	 211 
196 	 195 
196 	 197 
196 	 180 
196 	 212 
197 	 196 
197 	 198 
197 	 181 
197 	 213 
198 	 197 
198 	 199 
198 	 182 
198 	 214 
199 	 198 
199 	 200 
199 	 183 
199 	 215 
200 	 199 
200 	 201 
200 	 184 
200 	 216 
201 	 200 
201 	 202 
201 	 185 
201 	 217 
202 	 201 
202 	 203 
202 	 186 
202 	 218 
203 	 202 
203 	 204 
203 	 187 
203 	 219 
204 	 203 
204 	 205 
204 	 188 
204 	 220 
205 	 204 
205 	 206 
205 	 189 
205 	 221 
206 	 205 
206 	 207 
206 	 190 
206 	 222 
207 	 206 
207 	 191 
207 	 223 
208 	 209 
208 	 192 
208 	 224 
209 	 208 
209 	 210 
209 	 193 
209 	 225 
210 	 209 
210 	 211 
210 	 194 
210 	 226 
211 	 210 
211 	 212 
211 	 195 
211 	 227 
212 	 211 
212 	 213 
212 	 196 
212 	 228 
213 	 212 
213 	 214 
213 	 197 
213 	 229 
214 	 213 
214 	 215 
214 	 198 
214 	 230 
215 	 214 
215 	 216 
215 	 199 
215 	 231 
216 	 215 
216 	 217 
216 	 200 
216 	 232 
217 	 216 
217 	 218 
217 	 201 
217 	 233 
218 	 217 
218 	 219 
218 	 202 
218 	 234 
219 	 218 
219 	 220 
219 	 203 
219 	 235 
220 	 219 
220 	 221 
220 	 204 
220 	 236 
221 	 220 
221 	 222 
221 	 205 
221 	 237 
222 	 221 
222 	 223 
222 	 206 
222 	 238 
223 	 222 
223 	 207 
223 	 239 
224 	 225 
224 	 208 
224 	 240 
225 	 224 
225 	 226 
225 	 209 
225 	 241 
226 	 225 
226 	 227 
226 	 210 
226 	 242 
227 	 226 
227 	 228 
227 	 211 
227 	 243 
228 	 227 
228 	 229 
228 	 212 
228 	 244 
229 	 228 
229 	 230 
229 	 213 
229 	 245 
230 	 229 
230 	 231 
230 	 214 
230 	 246 
231 	 230 
231 	 232 
231 	 215 
231 	 247 
232 	 231 
232 	 233 
232 	 216 
232 	 248 
233 	 232 
233 	 234 
233 	 217 
233 	 249 
234 	 233 
234 	 235 
234 	 218 
234 	 250 
235 	 234 
235 	 236 
235 	 219 
235 	 251 
236 	 235 
236 	 237 
236 	 220 
236 	 252 
237 	 236 
237 	 238 
237 	 221 
237 	 253 
238 	 237 
238 	 239 
238 	 222 
238 	 254 
239 	 238 
239 	 223 
239 	 255 
240 	 241 
240 	 224 
241 	 240 
241 	 242 
241 	 225 
242 	 241 
242 	 243 
242 	 226 
243 	 242 
243 	 244 
243 	 227 
244 	 243 
244 	 245 
244 	 228 
245 	 244 
245 	 246 
245 	 229 
246 	 245 
246 	 247 
246 	 230 
247 	 246 
247 	 248 
247 	 231 
248 	 247 
248 	 249 
248 	 232 
249 	 248 
249 	 250 
249 	 233 
250 	 249 
250 	 251 
250 	 234 
251 	 250 
251 	 252 
251 	 235 
252 	 251 
252 	 253 
252 	 236 
253 	 252 
253 	 254 
253 	 237 
254 	 253 
254 	 255 
254 	 238 
255 	 254 
255 	 239 
