-0.7941183306
-0.6077149400
0.1265927226
1.2355272876
-0.4264286851
0.3117691841
0.9517256634
1.5846999431
-1.8359549900
-0.5876019900
-1.8429981517
0.2106704663
-0.3970045251
0.1880271376
-0.4916149016
0.5924735374
-1.1741115713
0.0326167989
-0.5247380487
-0.3222876849
0.0067897044
0.1427695819
1.3284463085
0.1923527486
-0.1895112665
-0.2315525679
-1.3802395070
-1.5191188675
-0.3665303701
0.7561245441
0.9424186021
1.1702082500
0.2781645832
0.7514485971
-1.2512364436
-0.8168752830
-0.2736339044
0.1537154050
-0.2480113204
0.0714426632
1.0775110998
1.6690267634
-0.2385273356
0.2281519815
-0.3241158583
0.3082777985
-0.4226762005
2.1340642069
0.9370606555
1.3133769934
0.8151079368
1.2098131398
0.9981137720
2.1832199654
2.9480047830
2.7118178326
0.1780769153
1.0449573929
0.0005356202
1.1719616447
2.1752660425
1.6877832267
2.6384369082
3.0595969816
-0.2392906354
-0.2491239855
0.0724559536
0.3856011424
-0.2099630850
0.0647349823
0.3221914410
0.4550912004
-0.6252325035
-0.2248142532
-0.6673118513
0.0620710900
-0.1850779480
0.0660699734
-0.1013460951
0.1778418961
-0.4474112352
-0.0023342970
-0.2340749788
-0.0819633697
-0.0399858389
0.0389531899
0.4334456375
-0.0351578852
-0.0482315532
-0.1079098059
-0.4649573636
-0.6556834346
-0.0874350893
0.2825305590
0.3300538662
0.3549968298
0.0685522916
0.2232760057
-0.4097594337
-0.2432032033
-0.0288625537
0.0643429722
-0.1757930936
-0.0126966095
0.4220729893
0.5569018805
0.0247249041
0.1093144141
-0.1537875963
0.1113389933
-0.0915009125
0.7275530207
0.3386088254
0.4265691748
0.3237539745
0.3858575445
0.3390075552
0.7220495450
0.9920119913
0.8441577207
0.1272313613
0.3853250697
-0.0081324726
0.3963824783
0.7683402549
0.5400907923
0.8885468650
0.9916784206
